EXP:101_cifar10_PINAT_mse_t100_vall_e300_bs10	lr: 0.0001	train: 100	test: all	kendall_tau: 0.667289
EXP:101_cifar10_PINAT_mse_t172_vall_e300_bs10	lr: 0.0001	train: 172	test: all	kendall_tau: 0.722467
EXP:101_cifar10_PINAT_mse_t4236_vall_e300_bs10	lr: 0.0001	train: 4236	test: all	kendall_tau: 0.849382
