EXP:201_cifar10_PINAT_mse_t156_vall_e300_bs10	lr: 0.0001	train: 156	test: all	kendall_tau: 0.640139
EXP:201_cifar10_PINAT_mse_t78_vall_e300_bs10	lr: 0.0001	train: 78	test: all	kendall_tau: 0.571586
